000000000000000000000000000000000
000000000000000000000000000000000
000000000000000000000000000000000
000000000000000000000000000000000
000011111110101110110011111110000
000010000010111011110010000010000
000010111010100010010010111010000
000010111010111011000010111010000
000010111010100010110010111010000
000010000010001111011010000010000
000011111110101010101011111110000
000000000000110101001000000000000
000001101011000000111010111110000
000010010101000100001110000110000
000000001111000101000100111110000
000000000100010000001100110100000
000011101011001000001010000000000
000001000000100010011110010110000
000010001111000101001011101110000
000001110000100000010101100100000
000010001011110111101111111110000
000000000000110001011000100000000
000011111110110011011010101110000
000010000010001011111000100110000
000010111010101100101111100010000
000010111010010110101001111000000
000010111010101101101011101010000
000010000010111011001111100100000
000011111110010011011110110110000
000000000000000000000000000000000
000000000000000000000000000000000
000000000000000000000000000000000
000000000000000000000000000000000
